1.000000 
1.000000 
127.000000 
1.000000 
2.000000 
1.000000 
0.750000 
2.000000 

1.000000 
5.000000 
127.000000 
1.500000 
2.000000 
3.000000 
0.250000 
1.000000 

1.000000 
7.000000 
112.000000 
1.500000 
2.000000 
2.000000 
0.500000 
1.000000 

1.000000 
6.000000 
169.000000 
2.000000 
3.000000 
2.000000 
0.500000 
0.750000 

1.000000 
10.000000 
155.000000 
2.000000 
3.000000 
3.000000 
0.250000 
0.500000 

1.000000 
7.000000 
210.000000 
2.000000 
3.000000 
3.000000 
0.500000 
0.500000 

1.000000 
2.000000 
183.000000 
2.500000 
3.000000 
3.000000 
0.500000 
0.500000 

2.000000 
1.000000 
310.000000 
1.000000 
9.000000 
5.000000 
1.250000 
2.000000 

3.000000 
7.000000 
310.000000 
1.500000 
9.000000 
9.000000 
0.750000 
1.500000 

3.000000 
5.000000 
333.000000 
3.000000 
9.000000 
9.000000 
0.500000 
1.000000 

3.000000 
11.000000 
249.000000 
2.000000 
9.000000 
9.000000 
1.000000 
1.500000 

