# rc[cm] slope[degree] H[cm] rho[kg/m3] L[cm] dy[cm] wl_thick[cm] propagation[1=yes,0=no] slab_fracture[1=yes,0=no] slab_fracture_distance[cm] 
1.000000 36.743558 19.000000 42.500000 241.435294 285.749706 0.562529 9.500000 1.000000 0.000000 -999.000000 
2.000000 151.576097 19.000000 42.500000 241.435294 308.000880 0.580509 9.500000 0.000000 0.000000 -999.000000 
3.000000 32.158164 0.000000 66.000000 146.287879 314.742554 0.371114 1.000000 1.000000 0.000000 -999.000000 
4.000000 66.989039 33.000000 54.200000 232.133333 172.188320 0.348919 0.800000 1.000000 0.000000 -999.000000 
5.000000 15.461333 25.000000 22.000000 181.500000 120.633678 0.117979 3.000000 0.000000 0.000000 -999.000000 
6.000000 25.657676 20.000000 34.000000 250.000294 151.786132 0.142151 13.000000 0.000000 0.000000 -999.000000 
7.000000 30.780290 26.000000 36.000000 256.111111 194.254095 0.448308 22.000000 1.000000 0.000000 -999.000000 
8.000000 26.528417 26.000000 36.000000 256.111111 206.232563 0.713748 22.000000 1.000000 0.000000 -999.000000 
9.000000 42.755172 23.000000 31.000000 315.790000 252.743352 0.626196 5.000000 1.000000 0.000000 -999.000000 
10.000000 31.089669 24.000000 38.500000 350.000000 139.541413 0.359337 2.500000 0.000000 1.000000 74.881888 
11.000000 21.355067 14.000000 38.000000 156.473684 99.643971 0.129542 1.000000 0.000000 0.000000 -999.000000 
12.000000 14.670729 15.000000 38.000000 156.473684 90.328266 0.123206 1.000000 0.000000 0.000000 -999.000000 
13.000000 14.715274 19.000000 38.000000 156.473684 89.141862 0.231117 1.000000 1.000000 0.000000 -999.000000 
14.000000 12.972966 18.000000 38.000000 156.473684 85.466740 0.195676 1.000000 1.000000 0.000000 -999.000000 
15.000000 15.337074 18.000000 38.000000 156.473684 89.382227 0.437139 1.000000 1.000000 0.000000 -999.000000 
16.000000 14.290880 17.000000 38.000000 156.473684 83.672050 0.255579 1.000000 1.000000 0.000000 -999.000000 
17.000000 15.159893 18.000000 38.000000 156.473684 124.177010 0.368315 1.000000 1.000000 0.000000 -999.000000 
18.000000 19.484731 30.000000 42.000000 140.652381 85.014496 0.488734 1.000000 1.000000 0.000000 -999.000000 
19.000000 16.945453 30.000000 42.000000 140.652381 108.328988 0.395788 1.000000 1.000000 0.000000 -999.000000 
20.000000 23.901727 30.000000 42.000000 140.652381 104.050536 0.311902 1.000000 1.000000 0.000000 -999.000000 
21.000000 17.397867 30.000000 42.000000 140.652381 108.274579 0.581234 1.000000 1.000000 0.000000 -999.000000 
22.000000 10.891389 30.000000 42.000000 140.652381 122.318892 0.104000 1.000000 0.000000 0.000000 -999.000000 
23.000000 22.243777 30.000000 42.000000 140.652381 125.744250 0.438737 1.000000 1.000000 0.000000 -999.000000 
24.000000 28.356547 0.000000 45.000000 225.355556 74.939370 0.542373 15.000000 1.000000 0.000000 -999.000000 
25.000000 32.102167 0.000000 45.000000 225.355556 88.302179 0.530768 15.000000 1.000000 0.000000 -999.000000 
26.000000 44.570266 0.000000 45.000000 225.355556 105.899508 0.500738 15.000000 1.000000 0.000000 -999.000000 
27.000000 31.184667 0.000000 45.000000 225.355556 96.373822 0.236031 15.000000 1.000000 0.000000 -999.000000 
28.000000 29.540212 0.000000 45.000000 225.355556 106.741145 0.513086 15.000000 1.000000 0.000000 -999.000000 
29.000000 20.723954 0.000000 45.000000 225.355556 90.993678 0.512759 15.000000 1.000000 0.000000 -999.000000 
30.000000 23.155076 0.000000 45.000000 225.355556 111.092802 0.424075 15.000000 1.000000 0.000000 -999.000000 
31.000000 17.309221 13.000000 43.000000 225.720930 82.845214 0.081467 1.500000 0.000000 0.000000 -999.000000 
32.000000 18.301176 20.000000 43.000000 225.720930 91.845191 0.111922 1.500000 0.000000 0.000000 -999.000000 
33.000000 19.720993 19.000000 43.000000 225.720930 110.932581 0.205691 1.500000 1.000000 0.000000 -999.000000 
34.000000 25.109542 20.000000 43.000000 225.720930 93.645251 0.209952 1.500000 1.000000 0.000000 -999.000000 
35.000000 19.937944 45.000000 51.000000 146.723404 106.560552 0.199367 16.000000 1.000000 0.000000 -999.000000 
36.000000 6.786630 38.000000 40.000000 73.000000 90.034875 0.187461 20.000000 0.000000 0.000000 -999.000000 
37.000000 10.855837 34.000000 38.000000 134.526316 98.975840 0.177665 8.000000 0.000000 0.000000 -999.000000 
38.000000 10.054694 37.000000 25.000000 86.400000 109.597169 0.149227 15.000000 0.000000 0.000000 -999.000000 
39.000000 4.905497 38.000000 25.000000 86.400000 110.200000 0.242262 15.000000 0.000000 0.000000 -999.000000 
40.000000 4.837210 40.000000 25.000000 86.400000 115.030174 0.199100 15.000000 0.000000 0.000000 -999.000000 
41.000000 21.400447 18.000000 54.000000 185.148148 108.698458 0.945383 4.000000 1.000000 0.000000 -999.000000 
42.000000 53.457102 18.000000 62.000000 226.870968 107.790375 0.461175 2.000000 0.000000 1.000000 74.193375 
43.000000 42.110019 18.000000 62.000000 226.870968 95.287600 0.527458 2.000000 0.000000 1.000000 83.094400 
44.000000 37.173409 18.000000 62.000000 226.870968 121.571406 0.479791 2.000000 1.000000 0.000000 -999.000000 
45.000000 6.357486 21.000000 32.000000 195.312500 107.080233 0.595610 1.000000 0.000000 1.000000 24.834069 
46.000000 16.995593 21.000000 32.000000 195.312500 115.125980 0.911441 1.000000 1.000000 0.000000 -999.000000 
47.000000 23.116028 21.000000 32.000000 195.312500 125.554674 1.018991 1.000000 1.000000 0.000000 -999.000000 
48.000000 6.461012 21.000000 32.000000 195.312500 137.073588 0.067828 1.000000 0.000000 0.000000 -999.000000 
49.000000 18.009577 21.000000 32.000000 195.312500 131.830336 0.480662 1.000000 0.000000 1.000000 44.942160 
50.000000 37.654472 36.000000 71.000000 312.523810 167.074000 0.496611 10.000000 1.000000 0.000000 -999.000000 
51.000000 44.302334 36.000000 71.000000 312.523810 262.033584 0.311778 10.000000 1.000000 0.000000 -999.000000 
52.000000 21.647380 22.000000 35.000000 168.571429 153.423879 0.328073 1.000000 0.000000 1.000000 81.902973 
53.000000 31.801725 10.000000 55.000000 248.801980 143.143941 0.289892 1.000000 1.000000 0.000000 -999.000000 
54.000000 25.405193 27.000000 87.000000 175.000000 217.284270 0.544844 5.000000 1.000000 0.000000 -999.000000 
55.000000 23.614334 27.000000 87.000000 175.000000 201.495008 1.466466 5.000000 1.000000 0.000000 -999.000000 
56.000000 11.610300 10.000000 30.000000 140.000000 123.258412 0.474362 2.000000 0.000000 1.000000 28.394608 
57.000000 13.113486 20.000000 48.500000 157.297872 111.891823 0.192626 0.500000 1.000000 0.000000 -999.000000 
58.000000 13.430975 21.000000 48.500000 157.297872 109.401557 0.235754 0.500000 1.000000 0.000000 -999.000000 
59.000000 17.485342 21.000000 48.500000 157.297872 124.469378 0.235534 0.500000 1.000000 0.000000 -999.000000 
60.000000 17.784920 21.000000 48.500000 157.297872 112.479437 0.237172 0.500000 1.000000 0.000000 -999.000000 
61.000000 37.042262 20.000000 60.000000 261.257336 126.119162 0.172982 0.500000 1.000000 0.000000 -999.000000 
62.000000 60.988388 20.000000 60.000000 270.944779 129.323348 0.196009 0.500000 1.000000 0.000000 -999.000000 
63.000000 56.139686 20.000000 60.000000 286.027579 144.521792 0.211049 0.500000 1.000000 0.000000 -999.000000 
64.000000 50.438478 20.000000 60.000000 262.740717 132.051270 0.223773 0.500000 1.000000 0.000000 -999.000000 
65.000000 45.980961 20.000000 60.000000 278.808057 151.749875 0.209100 0.500000 1.000000 0.000000 -999.000000 
66.000000 56.612471 20.000000 60.000000 286.006634 150.830396 0.197379 0.500000 1.000000 0.000000 -999.000000 
67.000000 15.909602 0.000000 48.000000 180.278689 145.475044 0.113195 9.000000 0.000000 0.000000 -999.000000 
68.000000 8.816396 0.000000 48.000000 180.278689 139.850319 0.230203 9.000000 0.000000 0.000000 -999.000000 
69.000000 37.137523 10.000000 66.000000 206.292308 116.880000 0.371113 2.000000 1.000000 0.000000 -999.000000 
70.000000 31.137846 10.000000 66.000000 206.292308 115.412800 0.251345 2.000000 1.000000 0.000000 -999.000000 
71.000000 29.406690 10.000000 66.000000 206.292308 119.209200 0.116674 2.000000 1.000000 0.000000 -999.000000 
72.000000 32.815192 10.000000 66.000000 206.292308 119.373400 0.161126 2.000000 0.000000 0.000000 -999.000000 
73.000000 39.179012 35.000000 32.000000 199.496855 273.461203 0.344649 2.000000 0.000000 1.000000 78.272748 
74.000000 32.212044 0.000000 35.000000 400.666765 165.096024 3.296215 8.000000 1.000000 0.000000 -999.000000 
75.000000 28.998883 0.000000 39.000000 285.692308 329.998786 0.730501 6.000000 1.000000 0.000000 -999.000000 
76.000000 33.676452 44.000000 39.000000 170.000000 165.457376 0.510958 1.000000 0.000000 1.000000 68.827556 
77.000000 22.579732 21.000000 33.000000 199.484848 155.245876 0.591880 4.000000 0.000000 1.000000 68.450801 
78.000000 9.881795 18.000000 21.000000 100.784286 88.012219 0.200321 7.000000 0.000000 1.000000 23.308874 
79.000000 10.844984 18.000000 21.000000 100.784286 64.014528 0.089713 7.000000 0.000000 0.000000 -999.000000 
80.000000 29.079939 18.000000 85.000000 202.712235 139.521987 0.327967 13.000000 1.000000 0.000000 -999.000000 
81.000000 17.230657 32.000000 19.000000 164.000000 108.579300 0.184258 0.500000 0.000000 0.000000 -999.000000 
82.000000 15.684049 32.000000 19.000000 164.000000 122.822047 0.172337 0.500000 0.000000 0.000000 -999.000000 
83.000000 15.731033 32.000000 19.000000 164.000000 121.387651 0.137803 0.500000 0.000000 0.000000 -999.000000 
84.000000 40.955019 32.000000 50.000000 298.000000 119.381872 0.293055 2.000000 1.000000 0.000000 -999.000000 
85.000000 44.287850 30.000000 62.000000 274.106452 229.874512 0.161885 0.200000 0.000000 0.000000 -999.000000 
86.000000 29.838767 28.000000 29.200000 214.000000 195.383172 0.326769 11.800000 0.000000 1.000000 39.835404 
87.000000 29.352329 28.000000 25.000000 212.880000 167.465884 0.206400 0.500000 0.000000 0.000000 -999.000000 
88.000000 41.739719 28.000000 25.000000 212.880000 85.520834 0.167306 0.500000 0.000000 0.000000 -999.000000 
89.000000 27.671396 28.000000 25.000000 212.880000 154.915750 0.130711 0.500000 0.000000 0.000000 -999.000000 
90.000000 41.731733 21.000000 83.000000 266.259036 151.631532 0.539314 6.000000 1.000000 0.000000 -999.000000 
91.000000 26.249122 21.000000 96.000000 265.140625 169.813119 0.266647 16.000000 1.000000 0.000000 -999.000000 
92.000000 32.070833 21.000000 96.000000 265.140625 156.450517 0.382338 16.000000 1.000000 0.000000 -999.000000 
93.000000 35.248458 21.000000 34.000000 209.073529 157.231468 0.042501 0.200000 0.000000 0.000000 -999.000000 
94.000000 36.612207 31.000000 34.000000 193.676471 103.577096 0.338079 4.000000 0.000000 1.000000 49.427368 
95.000000 25.665582 10.000000 55.000000 297.781818 121.279220 0.921843 8.000000 1.000000 0.000000 -999.000000 
96.000000 32.320848 10.000000 55.000000 297.781818 133.342190 0.641012 8.000000 1.000000 0.000000 -999.000000 
97.000000 24.881383 10.000000 55.000000 297.781818 111.488076 1.103337 8.000000 1.000000 0.000000 -999.000000 
98.000000 30.304736 10.000000 55.000000 297.781818 300.446012 0.640623 8.000000 0.000000 1.000000 85.281576 
99.000000 49.623007 10.000000 55.000000 297.781818 211.437702 0.508727 8.000000 0.000000 1.000000 75.327012 
100.000000 30.648948 10.000000 55.000000 297.781818 143.691380 0.786037 8.000000 1.000000 0.000000 -999.000000 
101.000000 28.888946 10.000000 55.000000 297.781818 120.403829 0.754148 8.000000 1.000000 0.000000 -999.000000 
102.000000 19.220571 24.000000 41.000000 139.682927 200.970874 0.674955 2.000000 0.000000 1.000000 44.983819 
103.000000 18.635103 24.000000 41.000000 139.682927 179.669344 0.811180 2.000000 1.000000 0.000000 -999.000000 
104.000000 14.283433 24.000000 41.000000 139.682927 106.621515 0.600218 2.000000 0.000000 1.000000 49.459410 
105.000000 16.167932 24.000000 41.000000 139.682927 100.000040 0.379137 2.000000 1.000000 0.000000 -999.000000 
106.000000 30.044075 26.000000 49.000000 170.612245 103.989808 0.713698 2.000000 1.000000 0.000000 -999.000000 
107.000000 13.062354 26.000000 49.000000 170.612245 95.380222 0.336573 2.000000 1.000000 0.000000 -999.000000 
108.000000 27.357553 26.000000 49.000000 170.612245 197.194992 0.496275 2.000000 1.000000 0.000000 -999.000000 
109.000000 33.022975 26.000000 49.000000 170.612245 201.362760 0.217439 2.000000 0.000000 0.000000 -999.000000 
110.000000 53.153007 24.000000 46.000000 209.565217 103.440000 0.946441 2.000000 1.000000 0.000000 -999.000000 
111.000000 43.402644 24.000000 46.000000 209.565217 141.216660 1.004949 2.000000 1.000000 0.000000 -999.000000 
112.000000 26.503884 25.000000 52.000000 220.000000 181.437585 0.988896 2.000000 1.000000 0.000000 -999.000000 
113.000000 64.279508 19.000000 71.000000 285.492958 254.086371 0.522705 2.000000 1.000000 0.000000 -999.000000 
114.000000 56.464373 18.000000 121.000000 287.314050 210.940015 0.511962 2.000000 1.000000 0.000000 -999.000000 
115.000000 24.176718 0.000000 59.000000 244.847458 150.600726 0.374360 8.000000 1.000000 0.000000 -999.000000 
116.000000 24.632763 0.000000 59.000000 244.847458 146.554736 0.419937 8.000000 0.000000 0.000000 -999.000000 
117.000000 23.348559 0.000000 59.000000 244.847458 146.920032 0.357170 8.000000 1.000000 0.000000 -999.000000 
118.000000 29.317039 0.000000 59.000000 244.847458 147.958899 0.259485 8.000000 0.000000 0.000000 -999.000000 
119.000000 26.906869 0.000000 59.000000 244.847458 148.281309 0.202750 8.000000 0.000000 0.000000 -999.000000 
120.000000 32.910350 0.000000 56.000000 272.107143 181.405980 0.251766 7.000000 0.000000 0.000000 -999.000000 
121.000000 31.904512 0.000000 56.000000 272.107143 183.487662 0.316235 7.000000 0.000000 0.000000 -999.000000 
122.000000 33.270922 0.000000 56.000000 272.107143 182.877273 0.370516 7.000000 0.000000 0.000000 -999.000000 
123.000000 27.450084 0.000000 56.000000 272.107143 157.130688 0.355756 7.000000 0.000000 0.000000 -999.000000 
124.000000 31.855860 0.000000 56.000000 272.107143 166.512780 0.354756 7.000000 0.000000 0.000000 -999.000000 
125.000000 31.430817 0.000000 72.000000 275.166667 131.859216 0.378244 5.000000 1.000000 0.000000 -999.000000 
126.000000 29.788040 0.000000 47.000000 223.989362 121.840512 0.225738 7.000000 0.000000 0.000000 -999.000000 
127.000000 34.474026 0.000000 47.000000 223.989362 115.893388 0.158229 7.000000 0.000000 0.000000 -999.000000 
128.000000 35.424834 0.000000 47.000000 223.989362 113.861728 0.375999 7.000000 1.000000 0.000000 -999.000000 
129.000000 21.803808 0.000000 47.000000 223.989362 115.988932 0.403707 7.000000 0.000000 1.000000 67.900994 
130.000000 23.191062 0.000000 47.000000 223.989362 103.574152 0.439954 7.000000 0.000000 1.000000 39.904425 
131.000000 36.764934 0.000000 62.000000 250.022401 117.119512 0.241539 13.000000 1.000000 0.000000 -999.000000 
132.000000 23.105753 0.000000 62.000000 248.155051 116.169948 0.445137 13.000000 1.000000 0.000000 -999.000000 
133.000000 23.620500 0.000000 62.000000 209.326348 118.793875 0.283753 13.000000 1.000000 0.000000 -999.000000 
134.000000 18.705510 0.000000 108.000000 207.501852 177.676868 0.436262 6.000000 1.000000 0.000000 -999.000000 
135.000000 24.431933 0.000000 108.000000 207.501852 177.240368 0.326332 6.000000 1.000000 0.000000 -999.000000 
136.000000 19.978234 0.000000 108.000000 207.501852 178.932310 0.368478 6.000000 1.000000 0.000000 -999.000000 
137.000000 20.699461 35.000000 65.000000 171.020182 136.638336 0.354106 3.000000 1.000000 0.000000 -999.000000 
138.000000 23.031868 35.000000 65.000000 170.204521 129.861940 0.403955 3.000000 1.000000 0.000000 -999.000000 
139.000000 20.876799 0.000000 51.000000 135.549020 131.074624 0.120298 0.800000 0.000000 0.000000 -999.000000 
140.000000 16.536693 0.000000 117.000000 242.294017 175.346756 0.415283 5.000000 1.000000 0.000000 -999.000000 
141.000000 21.049393 0.000000 51.000000 135.549020 177.223254 0.119361 0.800000 0.000000 0.000000 -999.000000 
142.000000 38.272913 0.000000 117.000000 242.294017 185.364804 0.334491 5.000000 1.000000 0.000000 -999.000000 
143.000000 31.372528 0.000000 51.000000 135.549020 189.115775 0.139594 0.800000 0.000000 0.000000 -999.000000 
144.000000 52.037408 0.000000 117.000000 242.294017 189.699496 0.357270 5.000000 1.000000 0.000000 -999.000000 
145.000000 29.412214 0.000000 51.000000 135.549020 185.931420 0.151434 0.800000 0.000000 0.000000 -999.000000 
146.000000 18.295674 0.000000 25.000000 143.440000 124.757711 0.872798 3.000000 0.000000 1.000000 42.834261 
147.000000 19.533796 0.000000 25.000000 143.440000 81.136650 0.990138 3.000000 0.000000 1.000000 44.277429 
148.000000 37.064754 0.000000 55.000000 285.036832 105.946118 0.234391 1.000000 1.000000 0.000000 -999.000000 
149.000000 34.405110 0.000000 55.000000 226.379305 113.823468 0.404312 1.000000 1.000000 0.000000 -999.000000 
150.000000 29.194926 0.000000 55.000000 286.062589 110.856340 0.339779 1.000000 1.000000 0.000000 -999.000000 
151.000000 31.807220 0.000000 97.000000 308.804124 170.953140 0.409461 7.000000 1.000000 0.000000 -999.000000 
152.000000 27.076115 0.000000 35.000000 241.214286 172.583640 0.191311 0.800000 0.000000 0.000000 -999.000000 
153.000000 33.932013 0.000000 97.000000 308.804124 181.799496 0.392398 7.000000 1.000000 0.000000 -999.000000 
154.000000 30.297610 0.000000 35.000000 241.214286 181.683828 0.198260 0.800000 0.000000 0.000000 -999.000000 
155.000000 30.528834 0.000000 97.000000 308.804124 172.168687 0.568993 7.000000 1.000000 0.000000 -999.000000 
156.000000 26.456108 0.000000 35.000000 241.214286 166.253580 0.201515 0.800000 0.000000 0.000000 -999.000000 
157.000000 33.178925 0.000000 97.000000 308.804124 169.658684 0.519475 7.000000 1.000000 0.000000 -999.000000 
158.000000 21.689705 0.000000 35.000000 241.214286 167.868350 0.188937 0.800000 1.000000 0.000000 -999.000000 
159.000000 34.001666 0.000000 36.300000 264.207989 161.679700 0.183497 2.000000 0.000000 0.000000 -999.000000 
160.000000 34.205626 0.000000 36.300000 264.207989 167.717850 0.208707 2.000000 0.000000 0.000000 -999.000000 
161.000000 34.633186 0.000000 36.300000 264.207989 164.203220 0.146576 2.000000 0.000000 0.000000 -999.000000 
162.000000 31.527448 0.000000 36.300000 264.207989 150.917796 0.165864 2.000000 0.000000 0.000000 -999.000000 
163.000000 38.459990 0.000000 36.300000 264.207989 172.693605 0.151911 2.000000 0.000000 0.000000 -999.000000 
164.000000 33.205345 20.000000 55.700000 184.730700 177.346890 0.144630 8.300000 0.000000 0.000000 -999.000000 
165.000000 22.699922 20.000000 55.700000 184.730700 183.296400 0.162424 8.300000 0.000000 0.000000 -999.000000 
166.000000 38.173641 25.000000 54.000000 164.481481 149.113110 0.256665 0.500000 1.000000 0.000000 -999.000000 
167.000000 47.099397 0.000000 148.000000 268.760811 211.708861 0.211214 6.000000 1.000000 0.000000 -999.000000 
168.000000 53.804487 0.000000 148.000000 268.760811 208.131500 0.245511 6.000000 1.000000 0.000000 -999.000000 
169.000000 24.586335 0.000000 56.100000 130.573975 209.052378 0.139725 0.200000 0.000000 0.000000 -999.000000 
170.000000 51.388653 0.000000 148.000000 268.760811 203.760000 0.297865 6.000000 1.000000 0.000000 -999.000000 
171.000000 28.599446 0.000000 87.000000 192.972414 206.844198 0.091980 0.500000 0.000000 0.000000 -999.000000 
172.000000 21.916115 0.000000 56.100000 130.573975 209.152000 0.123702 0.200000 0.000000 0.000000 -999.000000 
173.000000 32.069242 28.000000 52.000000 194.635935 127.832862 0.540327 2.000000 1.000000 0.000000 -999.000000 
174.000000 16.848574 21.500000 52.000000 194.635935 154.186296 0.429271 2.000000 1.000000 0.000000 -999.000000 
175.000000 19.971996 21.500000 31.000000 184.008420 152.842193 0.487692 2.000000 0.000000 1.000000 46.383554 
176.000000 19.429934 17.000000 52.000000 192.581827 150.970306 1.185823 2.000000 1.000000 0.000000 -999.000000 
177.000000 17.130946 15.000000 52.000000 206.378584 152.776928 0.970437 2.000000 1.000000 0.000000 -999.000000 
178.000000 25.625522 9.000000 52.000000 200.839872 152.142606 0.992259 2.000000 1.000000 0.000000 -999.000000 
179.000000 16.956318 0.000000 52.000000 208.935124 148.672303 0.548692 2.000000 1.000000 0.000000 -999.000000 
180.000000 25.550691 8.000000 52.000000 207.785569 155.097096 0.991052 2.000000 0.000000 1.000000 55.662024 
181.000000 16.137461 8.000000 52.000000 207.785569 99.763791 0.898506 2.000000 1.000000 0.000000 -999.000000 
182.000000 19.231521 21.000000 52.000000 225.071186 152.755932 0.867041 2.000000 1.000000 0.000000 -999.000000 
183.000000 17.154078 15.000000 52.000000 194.729392 166.044243 0.746770 2.000000 1.000000 0.000000 -999.000000 
184.000000 16.967652 0.000000 23.000000 159.000000 116.240736 0.312905 1.000000 1.000000 0.000000 -999.000000 
185.000000 17.821094 0.000000 23.000000 159.000000 111.474972 0.330061 1.000000 0.000000 0.000000 -999.000000 
186.000000 26.540048 0.000000 23.000000 159.000000 112.219530 0.431316 1.000000 0.000000 0.000000 -999.000000 
187.000000 25.659270 0.000000 56.000000 130.389286 190.876719 0.147920 1.000000 0.000000 0.000000 -999.000000 
188.000000 19.110264 0.000000 56.000000 130.389286 135.486336 0.185358 1.000000 0.000000 0.000000 -999.000000 
189.000000 20.691520 0.000000 56.000000 130.389286 108.744680 0.148500 1.000000 0.000000 0.000000 -999.000000 
190.000000 15.416534 0.000000 56.000000 130.389286 135.331675 0.168598 1.000000 0.000000 0.000000 -999.000000 
191.000000 32.985615 0.000000 74.500000 237.310738 153.030786 0.393732 8.500000 1.000000 0.000000 -999.000000 
192.000000 27.857392 0.000000 74.500000 237.310738 154.523728 0.447763 8.500000 1.000000 0.000000 -999.000000 
193.000000 36.423423 0.000000 74.500000 237.310738 157.757572 0.413692 8.500000 1.000000 0.000000 -999.000000 
194.000000 26.615164 0.000000 74.500000 237.310738 172.867966 0.338560 8.500000 1.000000 0.000000 -999.000000 
195.000000 23.734002 0.000000 62.000000 280.967742 177.490852 0.405684 7.000000 1.000000 0.000000 -999.000000 
196.000000 16.653870 0.000000 62.000000 280.967742 176.284933 0.521955 7.000000 1.000000 0.000000 -999.000000 
197.000000 31.458187 0.000000 62.000000 280.967742 168.911512 0.429044 7.000000 1.000000 0.000000 -999.000000 
198.000000 36.726162 0.000000 62.000000 280.967742 174.502620 0.470627 7.000000 1.000000 0.000000 -999.000000 
199.000000 35.237840 0.000000 62.000000 280.967742 178.927902 0.600079 7.000000 1.000000 0.000000 -999.000000 
200.000000 28.249316 0.000000 92.000000 259.219565 219.057036 0.396626 7.000000 1.000000 0.000000 -999.000000 
201.000000 36.098624 0.000000 25.200000 145.250000 211.193544 0.169368 3.800000 0.000000 0.000000 -999.000000 
202.000000 24.822649 0.000000 92.000000 259.219565 208.191895 0.556893 7.000000 1.000000 0.000000 -999.000000 
203.000000 40.364041 0.000000 25.200000 145.250000 211.685296 0.184044 3.800000 0.000000 0.000000 -999.000000 
204.000000 30.273995 0.000000 92.000000 259.219565 195.682176 0.487508 7.000000 1.000000 0.000000 -999.000000 
205.000000 32.855494 0.000000 92.000000 259.219565 201.823399 0.463397 7.000000 1.000000 0.000000 -999.000000 
206.000000 27.543311 0.000000 88.000000 286.539773 218.869982 0.377330 8.000000 1.000000 0.000000 -999.000000 
207.000000 60.724811 0.000000 40.000000 214.837500 222.457722 0.156460 2.000000 0.000000 0.000000 -999.000000 
208.000000 20.071772 0.000000 88.000000 286.539773 195.331815 0.698437 8.000000 1.000000 0.000000 -999.000000 
209.000000 44.080067 0.000000 40.000000 214.837500 195.459744 0.167320 2.000000 0.000000 0.000000 -999.000000 
210.000000 28.383559 0.000000 88.000000 286.539773 198.088704 0.358980 8.000000 1.000000 0.000000 -999.000000 
211.000000 41.953859 0.000000 92.000000 259.219565 122.969343 0.402976 7.000000 1.000000 0.000000 -999.000000 
212.000000 32.314127 0.000000 83.000000 311.457831 230.920453 0.402105 8.000000 1.000000 0.000000 -999.000000 
213.000000 32.810846 0.000000 83.000000 311.457831 235.114806 0.363571 8.000000 1.000000 0.000000 -999.000000 
214.000000 37.935750 0.000000 83.000000 311.457831 245.580667 0.400478 8.000000 1.000000 0.000000 -999.000000 
215.000000 41.009842 0.000000 115.000000 310.721739 226.883335 0.631592 6.000000 1.000000 0.000000 -999.000000 
216.000000 40.206139 0.000000 115.000000 310.721739 224.406035 0.694375 6.000000 1.000000 0.000000 -999.000000 
217.000000 25.297959 0.000000 115.000000 310.721739 234.945984 0.911508 6.000000 1.000000 0.000000 -999.000000 
218.000000 34.754941 0.000000 115.000000 310.721739 239.509528 0.754603 6.000000 1.000000 0.000000 -999.000000 
219.000000 35.441520 0.000000 131.000000 308.576336 242.062688 0.915853 7.000000 1.000000 0.000000 -999.000000 
220.000000 38.394696 0.000000 131.000000 308.576336 245.381114 0.687351 7.000000 1.000000 0.000000 -999.000000 
221.000000 20.978666 0.000000 131.000000 308.576336 223.912590 0.815198 7.000000 1.000000 0.000000 -999.000000 
222.000000 34.124480 0.000000 93.500000 164.468507 131.225954 0.455721 11.500000 1.000000 0.000000 -999.000000 
223.000000 17.069619 0.000000 93.500000 164.468507 144.740561 0.688192 11.500000 1.000000 0.000000 -999.000000 
224.000000 16.959972 0.000000 84.000000 149.902445 129.488604 0.267983 0.500000 1.000000 0.000000 -999.000000 
225.000000 22.235352 0.000000 84.000000 149.902445 158.216575 0.193164 0.500000 1.000000 0.000000 -999.000000 
226.000000 32.475450 0.000000 43.000000 75.646636 134.260203 0.259627 11.000000 0.000000 0.000000 -999.000000 
227.000000 30.904162 0.000000 43.000000 75.646636 161.280098 0.196883 11.000000 0.000000 0.000000 -999.000000 
228.000000 29.357246 0.000000 96.000000 228.343750 171.966908 0.395586 26.000000 1.000000 0.000000 -999.000000 
229.000000 22.998311 0.000000 96.000000 228.343750 163.441785 0.442554 26.000000 1.000000 0.000000 -999.000000 
230.000000 46.273635 0.000000 86.000000 223.348837 168.792078 0.292859 8.000000 1.000000 0.000000 -999.000000 
231.000000 33.987891 0.000000 86.000000 223.348837 161.394208 0.324113 8.000000 1.000000 0.000000 -999.000000 
232.000000 33.485223 0.000000 26.000000 160.576923 172.301472 0.230520 2.000000 0.000000 0.000000 -999.000000 
233.000000 33.381294 0.000000 26.000000 160.576923 169.642998 0.256213 2.000000 0.000000 0.000000 -999.000000 
234.000000 36.802328 0.000000 80.000000 281.687500 171.329574 0.564178 27.000000 1.000000 0.000000 -999.000000 
235.000000 29.056496 0.000000 80.000000 281.687500 172.794310 0.491722 27.000000 1.000000 0.000000 -999.000000 
236.000000 27.578513 0.000000 80.000000 281.687500 168.368792 0.521035 27.000000 1.000000 0.000000 -999.000000 
237.000000 30.561312 0.000000 80.000000 281.687500 175.315379 0.540805 27.000000 1.000000 0.000000 -999.000000 
238.000000 38.221601 0.000000 70.000000 279.714286 173.837417 0.490591 7.500000 1.000000 0.000000 -999.000000 
239.000000 38.689021 0.000000 70.000000 279.714286 168.354234 0.480043 7.500000 1.000000 0.000000 -999.000000 
240.000000 39.056577 0.000000 70.000000 279.714286 172.785388 0.539228 7.500000 1.000000 0.000000 -999.000000 
241.000000 37.611971 0.000000 105.500000 267.857820 194.385672 0.314604 28.500000 1.000000 0.000000 -999.000000 
242.000000 46.291973 0.000000 105.500000 267.857820 179.883796 0.342368 28.500000 1.000000 0.000000 -999.000000 
243.000000 47.903348 0.000000 95.000000 266.578947 192.160512 0.365923 10.000000 1.000000 0.000000 -999.000000 
244.000000 56.339670 0.000000 95.000000 266.578947 179.848992 0.348590 10.000000 1.000000 0.000000 -999.000000 
245.000000 54.895284 0.000000 32.000000 166.000000 190.415367 0.229748 5.000000 0.000000 0.000000 -999.000000 
246.000000 67.015839 0.000000 32.000000 166.000000 180.249475 0.201601 5.000000 0.000000 0.000000 -999.000000 
247.000000 33.605163 0.000000 131.000000 280.081654 203.680026 0.393879 25.000000 1.000000 0.000000 -999.000000 
248.000000 48.228916 0.000000 121.000000 274.014022 207.149400 0.356342 8.000000 1.000000 0.000000 -999.000000 
249.000000 52.428787 0.000000 145.500000 301.633074 205.746228 0.344996 28.500000 1.000000 0.000000 -999.000000 
250.000000 69.261171 0.000000 135.000000 301.648980 202.160673 0.362237 10.000000 0.000000 0.000000 -999.000000 
251.000000 58.127413 0.000000 177.000000 304.355932 268.046086 0.350232 24.000000 1.000000 0.000000 -999.000000 
252.000000 71.481352 0.000000 168.000000 303.625000 250.365248 0.247817 0.500000 0.000000 0.000000 -999.000000 
253.000000 77.640914 0.000000 142.000000 400.950704 206.763900 0.616551 26.000000 1.000000 0.000000 -999.000000 
254.000000 60.856805 34.000000 45.000000 283.822222 210.492466 0.614490 3.000000 0.000000 1.000000 104.003866 
255.000000 66.213047 34.000000 45.000000 283.822222 133.954890 0.256442 3.000000 1.000000 0.000000 -999.000000 
